url_path,views_total,views_unique
/mevanlc/chromium-tools-clang,1,1
